-164
-153
-247
-146
-174
-206
-242
-154
-194
-205
-132
-114
-190
-130
-125
-245
-135
-144
-158
-180
-129
-124
-168
-227
-186
-102
-163
-123
-176
-225
-235
-240
-195
-198
-186
-215
-121
-247
-175
-189
-229
-172
-148
-116
-206
-186
-238
-115
-228
-122
-162
-154
-128
-118
-239
-154
-138
-192
-113
-202
-170
-232
-110
-147
-246
-172
-228
-128
-179
-200
-168
-235
-250
-182
-155
-218
-150
-158
-107
-120
-247
-211
-141
-208
-217
-117
-246
-235
-142
-126
-144
-179
-202
-212
-217
-188
-250
-111
-159
-214
