-4147
-8622
-6813
-3741
-4496
-4753
-3329
-3317
-8961
-3386
-6653
-6562
-4571
-7771
-1239
-1509
-5724
-8673
-892
-1471
-282
-3794
-5945
-9326
-3140
-819
-4449
-8605
-8484
-1429
-5028
-6452
-3834
-68
-9290
-2425
-9546
-7292
-6580
-1419
-8677
-3713
-4396
-1323
-5300
-5921
-4653
-343
-821
-8122
-6687
-2921
-2833
-8235
-1618
-8209
-7835
-1848
-5606
-6956
-8491
-7321
-3889
-4607
-2884
-4706
-3764
-9623
-4119
-7175
-7396
-3671
-8557
-4077
-1750
-9379
-5278
-8772
-2349
-7335
-4314
-7704
-2506
-8760
-4182
-5102
-1112
-3148
-1673
-7207
-4338
-8793
-3360
-1097
-7799
-5990
-8575
-2798
-9661
-7687
-5456
-1352
-7767
-6979
-6396
-8343
-3144
-1202
-2773
-7598
-6968
-8614
-8543
-8468
-1213
-4766
-1226
-4121
-4637
-2817
-8659
-8821
-8708
-48
-3207
-3893
-9953
-3050
-7830
-3813
-1807
-5048
-9605
-6074
-8222
-7996
-4182
-970
-7816
-5123
-5359
-5701
-1205
-8401
-9319
-4296
-3454
-4553
-3897
-3970
-7424
-2660
-75
-8949
-6587
-178
-4562
-1029
-3441
-6960
-3836
-7267
-4174
-71
-9623
-4894
-9349
-2014
-7931
-5776
-2695
-1603
-2657
-8951
-4497
-9906
-424
-2260
-6262
-6409
-2501
-5875
-4416
-6570
-8657
-5811
-6986
-6269
-6163
-4079
-5532
-810
-193
-3023
-5247
-7516
-8390
-1385
-15
-6995
-4472
-2202
-795
-705
-3918
-299
-2836
-3100
-4145
-1031
-8753
-7317
-4025
-3086
-5264
-7786
-5765
-7842
-284
-1297
-9831
-6964
-2449
-7135
-898
-3705
-7402
-1922
-3950
-5684
-9882
-2845
-1765
-7943
-2877
-2066
-5338
-8925
-8626
-599
-805
-257
-2024
-2422
-145
-626
-1362
-4971
-4884
-2291
-7437
-6911
-1106
-5552
-6922
-7891
-9676
-8650
-5298
-3003
-8660
-6138
-4027
-2193
-6680
-9356
-1369
-6058
-6898
-2026
-5428
-8160
-5737
-3022
-3957
-6041
-3378
-9143
-336
-1531
-2101
-1846
-8966
-2597
-2666
-226
-9182
-2360
-1117
-115
-6066
-494
-5023
-5854
-1425
-1009
-3600
-3458
-3312
-6565
-2642
-4454
-3989
-7415
-3147
-6786
-6439
-2740
-1225
-3147
-2631
-1891
-4293
-1974
-2713
-7482
-9344
-5031
-7758
-6587
-8988
-7795
-7863
-3849
-7876
-1313
-9471
-6348
-4101
-2696
-7294
-7746
-7403
-2495
-8901
-1550
-7808
-7065
-9727
-9974
-7988
-2030
-8062
-1726
-1185
-4164
-9914
-566
-3734
-5340
-1924
-1292
-748
-4490
-3300
-567
-5898
-9607
-7816
-3967
-2773
-7488
-7165
-3133
-1130
-2443
-9162
-6519
-158
-8479
-2509
-8738
-8818
-2134
-5229
-3676
-8398
-2619
-6580
-7578
-7940
-3975
-738
-8609
-6626
-8271
-6548
-6313
-5815
-9154
-3516
-4171
-9403
-6179
-4414
-605
-1453
-215
-5980
-1617
-2222
-4316
-6430
-2861
-2655
-4987
-1502
-2062
-8495
-963
-8626
-315
-9395
-104
-8747
-5420
-8469
-4682
-5474
-169
-9695
-874
-4387
-7960
-497
-8167
-4561
-3778
-3690
-355
-5974
-7157
-4363
-6043
-5769
-3932
-3520
-1372
-7228
-2858
-7612
-3681
-6334
-9985
-5900
-114
-6846
-2203
-43
-7966
-2478
-314
-3502
-9834
-4383
-63
-2746
-4252
-1209
-7592
-3326
-3607
-6150
-3085
-7223
-6649
-295
-9940
-2095
-3651
-1377
-5571
-3355
-9213
-4822
-8018
-3574
-8347
-7732
-9824
-1928
-1651
-5582
-9553
-2973
-4966
-2091
-6590
-9921
-4555
-4002
-5254
-8146
-8067
-3023
-7336
-1955
-262
-1925
-1217
-2442
-3922
-9194
-6277
-3364
-3238
-4751
-8160
-8819
-2712
-4898
-8435
-5966
-2071
-4862
-8378
-506
-7357
-3502
-2146
-5858
-9233
-9653
-5721
-742
-9071
-6750
-5525
-6616
-7319
-1286
-4444
-1068
-2374
-5838
-6885
-7418
-6345
-2530
-8061
-9827
-6024
-3195
-5325
-8160
-85
-788
-9328
-3570
-1012
-1740
-6092
-8757
-6819
-4395
-6147
-6100
-1875
-662
-5313
-7827
-5623
-7146
-3455
-6504
-6858
-8427
-4982
-415
-1791
-8584
-1195
-8310
-6448
-7242
-6081
-5694
-9315
-1700
-9788
-6157
-7616
-2603
-5772
-7088
-5600
-6173
-1660
-1499
-5895
-1329
-7196
-1398
-5321
-1580
-6399
-6484
-8943
-1432
-1176
-9220
-6856
-571
-7759
-5819
-9628
-6940
-4474
-9266
-3250
-1823
-4397
-5482
-6870
-6564
-9737
-1256
-9803
-6898
-9869
-8367
-7447
-209
-3789
-2088
-5463
-7684
-1983
-5056
-8294
-8836
-933
-7012
-1508
-7621
-1579
-3471
-9614
-8670
-755
-9048
-5162
-9297
-2142
-8949
-6618
-184
-8383
-3030
-5064
-6586
-6582
-1472
-1186
-3605
-9823
-5075
-6315
-8998
-7717
-2954
-9436
-343
-5937
-3942
-9123
-8882
-493
-8987
-8415
-6342
-1867
-6560
-4331
-9320
-536
-7607
-4883
-7344
-1887
-8927
-6266
-4640
-2024
-8054
-5089
-5633
-8333
-1952
-1416
-901
-9549
-5486
-765
-8417
-8390
-5531
-7343
-487
-4016
-336
-1695
-5249
-8252
-7957
-6211
-7501
-3789
-9038
-1834
-2584
-7513
-5106
-5520
-8249
-5368
-180
-8184
-8082
-854
-8667
-3587
-4885
-5743
-4644
-8323
-798
-3384
-2166
-5763
-1412
-2637
-9628
-6746
-6751
-6772
-4857
-2114
-8564
-6919
-5865
-4123
-9624
-6706
-9492
-251
-4778
-8263
-771
-3995
-1011
-3816
-1715
-6358
-6126
-6623
-1751
-3254
-663
-3015
-5768
-4157
-7806
-2106
-8250
-4445
-2394
-9042
-3012
-8439
-8388
-9323
-5474
-6634
-6698
-8366
-4417
-5360
-6948
-5093
-7463
-6050
-4902
-3245
-5208
-1211
-6919
-3066
-2513
-405
-3617
-1948
-1337
-9301
-9580
-9867
-4877
-7594
-1710
-3441
-670
-9591
-3762
-7995
-4327
-6927
-7545
-7362
-6398
-2356
-1882
-8275
-8902
-5429
-3931
-3598
-9995
-7403
-3668
-4081
-4772
-4573
-2506
-8865
-3129
-2331
-8080
-6785
-2045
-6510
-4009
-2893
-4789
-318
-1693
-2304
-621
-733
-483
-2141
-8071
-2290
-9871
-5918
-3022
-2745
-6839
-7171
-2310
-5886
-976
-8688
-3840
-2004
-1702
-344
-1326
-8720
-6558
-4915
-540
-1139
-8983
-3093
-4723
-5940
-5984
-1475
-9552
-3274
-5007
-1534
-9489
-369
-4055
-8691
-8617
-4830
-5243
-9039
-6109
-1176
-675
-7004
-4757
-3024
-3713
-6708
-4739
-2882
-5919
-5951
-8276
-4834
-4125
-9750
-8329
-8640
-7590
-3142
-4430
-5808
-7178
-5836
-1965
-9435
-7830
-7347
-4825
-5586
-97
-1246
-5703
-9686
-1745
-5910
-6660
-5137
-2035
-6123
-477
-1985
-242
-8792
-1896
-5359
-2670
-1677
-1482
-4670
-6657
-8616
-5330
-6707
-7354
-2958
-9913
-2340
-3428
-2249
-1978
-2071
-2256
-5062
-197
-1327
-2159
-3635
-8356
-2128
-4705
-3097
-1705
-3476
-5253
-6570
-1945
-4805
-9403
-8547
-3640
-4698
-3338
-7226
-8225
-9584
-1850
-1832
-3172
-7243
-90
-5953
-1834
-3816
-5078
-6243
-4532
-8249
-3097
-8998
-3546
-8639
-5703
-806
-4851
-5270
-4527
-1422
-7265
-9227
-5495
-3332
-5060
-3327
-263
-4747
-4649
-4863
-174
-9720
-331
-2511
-3273
-4976
-7868
-2400
-9651
-6515
-15
-7029
-7677
-5533
-8681
-3124
-2686
-3046
-5848
-9597
-1907
-7262
-5259
-3738
-5501
-7597
-5218
-1481
-2348
-2376
-9059
-8009
-1430
-3917
-2681
-5374
-7013
-5387
-5007
-1357
-4698
-8078
-7675
-1940
-9841
-5070
-8887
-4699
-9506
-1227
-4907
-8835
-3692
-7379
-6203
-1739
-719
-316
-7303
-4788
-876
-7440
-1442
-2633
-898
-6567
-5737
-2176
-6937
-8946
-5448
-7779
-4440
-5554
-3407
-3529
-4274
-2357
-6432
-6412
-255
-9421
-5712
-1026
-8369
-2099
-1150
-8912
-5357
-2229
-6880
-3369
-5294
-1521
-3217
-2269
-8327
-3349
-6372
-210
-6652
-6710
-2922
-9477
-594
-1443
-5644
-2510
-3192
-8598
-6650
-4281
-9461
-1896
-2954
-3002
-5447
-5993
-8479
-9825
-1586
-8127
-7617
-4707
-7532
-7531
-1562
-5777
-6675
-323
-9063
-7131
-7545
-1558
-1639
-5743
-9243
-8261
-3781
-109
-4800
-5651
-5829
-4335
-5579
-6610
-1856
-3094
-1907
-2854
-9868
-7197
-2641
-6854
-1979
-8361
-1170
-4355
-7804
-7192
-3875
-2625
-8401
-7066
-7345
-9453
-8593
-4287
-6598
-9198
-8633
-6688
-3389
-1103
-2397
-5279
-2521
-4735
-4993
-5842
-8425
-5797
-6491
-9400
-782
-6679
-2717
-3767
-8419
-4047
-9447
-3939
-4137
-3892
-6671
-7258
-9490
-3983
-2644
-5631
-2240
-4159
-622
-8460
-827
-561
-3157
-2226
-8005
-734
-6630
-7582
-7462
-4764
-4101
-1087
-2047
-7298
-9304
-3911
-6393
-5911
-1594
-8297
-1150
-1541
-5386
-252
-808
-9080
-2726
-8486
-3603
-7742
-1188
-7220
-7157
-2616
-1360
-3601
-9792
-1070
-4201
-5040
-1128
-7765
-1870
-4493
-2595
-4920
-1438
-8919
-3053
-9382
-4626
-7461
-3611
-3270
-1403
-2097
-3448
-1103
-5769
-3562
-6796
-8543
-2581
-2260
-4581
-5185
-2171
-8689
-9790
-1828
-1590
-1719
-1947
-5174
-309
-6390
-3263
-5810
-7378
-8285
-6187
-7876
-9177
-3313
-6928
-3089
-3174
-9962
-6275
-2745
-4166
-2559
-2855
-8722
-9318
-7515
-4435
-4692
-6713
-5068
-7501
-2300
-5707
-5791
-8133
-8758
-9488
-3881
-7499
-9705
-7339
-748
-6681
-2008
-3144
-5891
-146
-5851
-6997
-2970
-5782
-2156
-3686
-1141
-5008
-9544
-7756
-6823
-7044
-3581
-3531
-6766
-8173
-6957
-2187
-5690
-6625
-108
-167
-8111
-5456
-2205
-5636
-9036
-8497
-7702
-2347
-3414
-867
-8887
-8545
-5586
-713
-8205
-1366
-9005
-7500
-9277
-3013
-4768
-9358
-5319
-5742
-425
-7674
-6868
-4032
-5346
-7717
-3854
-4991
-2538
-5801
-1207
-5804
-2553
-6821
-7935
-3530
-3162
-6287
-8559
-1208
-7295
-8199
-574
-4360
-2071
-2028
-4079
-9513
-3629
-9601
-766
-9029
-4115
-6998
-368
-9206
-8849
-3321
-1607
-3405
-6115
-3279
-7044
-943
-4675
-6751
-6049
-1813
-7870
-4086
-8823
-5418
-2618
-2713
-1567
-6869
-5261
-4188
-5808
-2209
-7651
-679
-1675
-3159
-4600
-234
-3978
-1567
-5607
-3443
-1615
-1415
-2696
-8575
-8231
-8876
-9633
-2969
-2803
-6201
-5435
-5797
-7931
-1228
-9614
-7561
-7334
-3426
-9912
-9703
-1781
-5736
-1893
-6938
-5885
-9906
-9220
-7565
-5647
-2387
-6837
-7692
-4615
-6878
-7767
-9450
-1490
-9645
-7833
-3750
-5320
-9935
-4317
-7345
-8977
-4822
-5958
-2714
-3387
-714
-3667
-7974
-2024
-1186
-1946
-270
-5052
-2693
-2578
-5505
-9137
-6775
-4162
-3618
-6107
-5093
-4477
-4099
-3794
-2100
-4616
-3120
-4490
-420
-471
-6388
-7550
-346
-7218
-7157
-5679
-4098
-4565
-9667
-320
-2575
-1638
-376
-4893
-4511
-9823
-6255
-7402
-9767
-2672
-1607
-2398
-7252
-2881
-2028
-6562
-9261
-6534
-7442
-2090
-1797
-5061
-3176
-8003
-1591
-5449
-6479
-1709
-4673
-2528
-8522
-2211
-3648
-9830
-4618
-4217
-3500
-954
-8171
-7160
-6897
-6084
-9668
-1640
-9167
-3909
-58
-7803
-7104
-917
-4703
-9890
-9358
-5863
-7870
-1789
-4317
-6457
-5549
-9851
-1614
-9032
-1427
-7511
-4089
-9089
-3445
-8297
-5382
-1408
-688
-8546
-1069
-8423
-9182
-8584
-1983
-2488
-2767
-8970
-5691
-6781
-176
-615
-7131
-3317
-279
-3120
-6974
-6948
-7247
-4245
-1680
-5377
-3011
-1025
-8080
-6273
-5393
-5571
-6741
-1095
-1627
-2609
-6735
-9791
-4591
-9018
-2257
-1037
-6902
-9552
-3982
-773
-7495
-3545
-5061
-2387
-5467
-8390
-3449
-8169
-6957
-8613
-2543
-6852
-4057
-6836
-1156
-5142
-6002
-8592
-4014
-5975
-1502
-4840
-9124
-5248
-5585
-1290
-187
-8773
-3231
-6663
-2310
-6399
-6621
-3136
-5224
-310
-8109
-139
-221
-7482
-6718
-1945
-6065
-9123
-2406
-37
-4653
-2782
-3658
-8027
-8376
-2494
-4000
-370
-9370
-7204
-3624
-3240
-3894
-596
-2414
-6941
-1833
-9227
-866
-6843
-3931
-1368
-1165
-7890
-7715
-5549
-305
-7988
-3358
-7003
-9069
-557
-8153
-9104
-3038
-4768
-5505
-3564
-2035
-517
-8140
-4776
-3308
-8556
-1646
-7324
-5452
-7010
-2518
-9558
-1064
-7337
-5275
-5776
-3408
-1439
-6286
-7401
-2279
-2292
-7420
-1953
-7217
-7413
-7542
-8862
-2117
-4352
-1716
-1565
-4305
-311
-1713
-1252
-3794
-3674
-7312
-9733
-2565
-8374
-5371
-2282
-8326
-6032
-7857
-5846
-4795
-4385
-3326
-3002
-4819
-5421
-3104
-2373
-4434
-4725
-6094
-5208
-9475
-7456
-2555
-5329
-7987
-7889
-9424
-843
-6574
-1487
-5279
-637
-6280
-8494
-6914
-1676
-2721
-8280
-8810
-8729
-6722
-7871
-5238
-2323
-9580
-780
-5465
-9257
-9783
-7467
-4473
-7811
-5499
-900
-8767
-2389
-354
-3652
-9885
-8587
-1080
-7987
-2706
-8732
-7035
-504
-1151
-7260
-4190
-3320
-2001
-3566
-3334
-2522
-7913
-9518
-9550
-2975
-1191
-9217
-4661
-2514
-4764
-7116
-9357
-3748
-2796
-5317
-333
-243
-6776
-4070
-9879
-9635
-88
-595
-2907
-3320
-5743
-7824
-668
-3654
-7980
-9650
-2170
-3066
-9199
-6302
-6808
-1034
-9034
-2684
-5330
-7143
-8752
-5599
-7571
-9388
-3426
-1211
-8586
-8660
-5489
-6165
-2978
-3376
-4537
-2276
-9394
-7349
-3082
-5713
-758
-3562
-2241
-6214
-3445
-4736
-4056
-3672
-1643
-9738
-9971
-8305
-925
-8176
-9519
-5413
-9563
-8383
-4938
-4391
-5420
-7612
-1313
-589
-2160
-905
-171
-5215
-5188
-9156
-3382
-4029
-4782
-9296
-3747
-501
-8130
-5544
-5559
-9516
-3111
-9362
-1595
-1271
-2080
-7711
-4595
-1772
-7487
-1890
-8874
-9261
-3504
-611
-1606
-8699
-9781
-5440
-5700
-8838
-8673
-8112
-7100
-9710
-5917
-8668
-2057
-6210
-1431
-2669
-9426
-3089
-1180
-3942
-8887
-7130
-9313
-9426
-4938
-6541
-1764
-3037
-1631
-1137
-8229
-8979
-8828
-7446
-6814
-2117
-2551
-6482
-4885
-3811
-9641
-4528
-1057
-6433
-1343
-8930
-9628
-6022
-8408
-9790
-8723
-2648
-1177
-7591
-9511
-5896
-8594
-2859
-4444
-6050
-2483
-1577
-2735
-5662
-4821
-3979
-3076
-7782
-5673
-4537
-5689
-306
-9972
-9025
-5861
-5152
-8973
-4884
-4188
-9964
-2628
-633
-3342
-2204
-2024
-2427
-6331
-9192
-2391
-518
-428
-660
-7103
-2051
-5769
-2972
-2551
-8866
-9188
-9760
-4750
-7652
-3472
-4686
-1641
-6803
-1659
-8631
-1080
-4039
-6219
-2341
-9035
-8836
-1821
-9371
-2251
-9922
-2438
-921
-9290
-8830
-2513
-4105
-6251
-2054
-5538
-1991
-2899
-547
-6750
-9428
-3301
-1970
-7115
-9097
-2842
-1716
-2412
-1415
-4924
-8059
-7529
-8083
-9417
-7166
-645
-2886
-7369
-1372
-4110
-5537
-332
-9414
-9176
-8875
-3479
-9345
-5485
-8771
-6213
-4999
-1768
-9097
-2487
-5050
-8940
-942
-5563
-4085
-722
-6686
-6186
-1014
-9243
-8830
-9251
-9319
-5816
-3079
-6118
-5684
-164
-4530
-3584
-5609
-6898
-1315
-9654
-5918
-986
-2501
-6518
-3569
-5068
-2478
-8677
-2778
-7600
-9844
-6765
-3761
-3961
-2289
-5426
-3545
-576
-1196
-2572
-1244
-6004
-6427
-4850
-6808
-2932
-436
-5342
-8452
-760
-5538
-394
-2561
-731
-2456
-8994
-562
-2077
-243
-4777
-6714
-4769
-4216
-9217
-2775
-5022
-5653
-9127
-2965
-9345
-1237
-521
-2440
-8492
-1261
-1998
-4603
-247
-5357
-1079
-188
-5197
-728
-4358
-4549
-2170
-9890
-3995
-6272
-3507
-7303
-6021
-5595
-1149
-4096
-8919
-119
-8501
-7850
-6167
-8939
-8480
-1429
-938
-4215
-9590
-2343
-7525
-6654
-783
-1704
-6232
-3253
-8621
-4997
-328
-4625
-7081
-78
-2695
-1993
-7855
-2105
-2729
-8008
-7375
-7531
-1681
-5590
-1495
-655
-1548
-7599
-1707
-6713
-5248
-9979
-5469
-5240
-5397
-2876
-5923
-1413
-3934
-3933
-391
-2642
-2726
-2376
-4708
-7846
-429
-7691
-1303
-3562
-2637
-2538
-4336
-5877
-2805
-8288
-5268
-840
-9120
-5645
-4032
-8033
-6650
-1528
-8192
-9734
-3274
-9323
-5834
-8567
-1841
-3938
-4960
-8944
-5201
-405
-4140
-6986
-1831
-9006
-981
-777
-4027
-6299
-3211
-2696
-9358
-7661
-7087
-7336
-2957
-3810
-211
-3750
-8026
-1961
-4004
-9165
-5631
-8236
-9037
-8227
-6171
-8167
-9466
-3865
-8895
-6052
-2465
-9024
-1394
-9069
-882
-5483
-1019
-837
-4284
-3795
-3513
-2347
-6038
-8271
-7792
-7174
-3181
-273
-4335
-5158
-3107
-9177
-60
-2031
-4863
-6908
-8985
-8874
-2763
-4830
-9678
-2444
-1878
-9350
-7257
-2942
-48
-5009
-2884
-5574
-2258
-7230
-1133
-6684
-6910
-2562
-2956
-2579
-6966
-4374
-7065
-7524
-1844
-3887
-8913
-4238
-5232
-4331
-3421
-7204
-7443
-9594
-1370
-8467
-6495
-6146
-9840
-2042
-6680
-6033
-9230
-6602
-8484
-4490
-3558
-7878
-8958
-647
-7722
-2200
-7595
-3538
-1845
-1523
-9651
-8923
-491
-3450
-6759
-4451
-6170
-6901
-1466
-5970
-8209
-7801
-9421
-3455
-9631
-2093
-2019
-617
-2470
-7958
-7464
-6599
-5144
-1163
-978
-8437
-4496
-7040
-9239
-2075
-2224
-7307
-4490
-4307
-9871
-5522
-9453
-4246
-3950
-3202
-8982
-5899
-7295
-3061
-3592
-3655
-3093
-3008
-7060
-2007
-3102
-1205
-4030
-282
-903
-7921
-526
-3907
-1288
-4227
-8193
-9481
-7112
-1027
-5129
-3445
-773
-9381
-3279
-6281
-2829
-3113
-7532
-75
-5014
-844
-8912
-4480
-1532
-5303
-1052
-2473
-3751
-7160
-6472
-1044
-2298
-3356
-9253
-1156
-4247
-8612
-5271
-1439
-9892
-1524
-2487
-9641
-9212
-7753
-7348
-4590
-4516
-7322
-6151
-5720
-4577
-4469
-2146
-5258
-577
-5560
-7643
-6851
-5365
-3104
-5494
-1130
-249
-5639
-6727
-5257
-5319
-2699
-5351
-8655
-8384
-6536
-7987
-388
-5275
-9473
-9976
-6357
-1519
-7828
-3460
-2434
-5990
-647
-4195
-3560
-8755
-5342
-1393
-6217
-5971
-8979
-8791
-6791
-5747
-8403
-1806
-6434
-9928
-6858
-9592
-2685
-8968
-7659
-6813
-561
-5879
-4246
-9585
-743
-8540
-3342
-5840
-1438
-4058
-692
-472
-5214
-2526
-2883
-3581
-1231
-6620
-7575
-3239
-5141
-522
-4997
-4477
-6266
-3650
-3150
-4139
-8407
-8760
-2041
-411
-8491
-8462
-6619
-4564
-3248
-8413
-4744
-2055
-677
-5898
-6409
-4460
-8754
-9547
-2070
-2076
-2877
-194
-9936
-418
-3418
-5722
-6270
-1351
-6975
-1300
-733
-7883
-3105
-9472
-6925
-3930
-9974
-9396
-8145
-8693
-4481
-2002
-1347
-2402
-7866
-3534
-9622
-9629
-7026
-9331
-4905
-8619
-246
-1259
-5512
-6049
-9977
-7568
-4650
-8717
-8637
-8602
-1672
-345
-8134
-6300
-3594
-9254
-8348
-2832
-6020
-1652
-1209
-4886
-1958
-7743
-3092
-2396
-6128
-4216
-8360
-9808
-1556
-8912
-1244
-2688
-8465
-2641
-7811
-2634
-4475
-9071
-6702
-8389
-7593
-6369
-502
-92
-18
-1592
-9758
-4396
-7989
-5044
-8059
-4589
-4307
-7798
-8504
-3943
-7631
-1241
-9264
-4498
-2218
-2056
-7455
-5606
-3252
-9758
-1927
-8035
-2331
-6583
-1433
-5651
-892
-480
-6903
-3471
-7330
-6881
-4242
-9536
-1314
-9123
-6147
-8661
-6695
-5556
-6350
-943
-785
-1737
-8317
-2114
-1687
-8958
-6717
-2031
-4911
-1808
-5035
-5091
-4982
-6398
-5371
-1686
-4272
-1541
-4363
-7403
-8482
-7980
-2862
-287
-4911
-6072
-8106
-9878
-382
-6887
-3240
-574
-4769
-8016
-2459
-4106
-4463
-8286
-4968
-2644
-3733
-3701
-1298
-1227
-9469
-1394
-6568
-2931
-6702
-6581
-9072
-4923
-5957
-752
-9519
-3429
-6948
-4414
-46
-8591
-6232
-7220
-6471
-9292
-616
-4697
-446
-4488
-4050
-8624
-8690
-996
-763
-8115
-7850
-2393
-3616
-466
-6410
-1525
-9777
-2984
-7521
-8907
-6538
-462
-7778
-9696
-315
-248
-9844
-5459
-4794
-7353
-7820
-3985
-5543
-3078
-3528
-7586
-1213
-9786
-7117
-7022
-893
-1058
-6383
-3100
-3814
-3096
-8383
-9249
-1697
-5125
-1164
-1464
-6957
-5870
-8836
-601
-102
-1856
-281
-5686
-5084
-5283
-838
-2792
-6264
-8630
-4918
-3322
-726
-9531
-8012
-1626
-5205
-230
-5366
-6976
-3806
-6865
-3281
-7075
-5848
-2618
-9028
-672
-986
-2180
-1183
-7589
-6971
-8811
-5342
-3609
-9533
-9127
-6620
-2420
-1157
-1058
-3992
-6543
-3821
-1268
-9150
-6402
-2453
-97
-8348
-5062
-7496
-8640
-9421
-8510
-7992
-8092
-8993
-5357
-2782
-991
-6173
-3838
-8494
-1969
-843
-4882
-3666
-2668
-1587
-4556
-1159
-6889
-3397
-6733
-8733
-9558
-4044
-7102
-3825
-4602
-9020
-3163
-2716
-6570
-1919
-5898
-1719
-1460
-1152
-4232
-213
-8326
-3908
-2166
-7889
-2048
-5971
-5850
-3091
-3982
-7832
-8068
-9795
-9175
-6577
-5395
-9585
-4440
-6291
-2686
-1091
-6647
-6221
-791
-921
-557
-9432
-2235
-8679
-2530
-3463
-7253
-7590
-1467
-2351
-9836
-6663
-5968
-93
-1149
-3813
-9499
-4184
-4711
-6328
-1450
-8586
-4443
-4823
-4015
-8766
-2222
-827
-6141
-4295
-5102
-2356
-4837
-8861
-3371
-6923
-799
-3186
-2973
-8611
-1503
-8517
-5670
-1562
-7640
-6273
-1185
-8664
-629
-6233
-9532
-6503
-3909
-3463
-5798
-3573
-5945
-7616
-6675
-8668
-8638
-1038
-3531
-2453
-2285
-8067
-2507
-7911
-6613
-8788
-8100
-5427
-7852
-2179
-8357
-5393
-9973
-3927
-8277
-8770
-3872
-6813
-9001
-6049
-8682
-1182
-5882
-2088
-2065
-4413
-7441
-5627
-5915
-7452
-2582
-7560
-9087
-9420
-7806
-921
-3101
-5401
-4725
-5246
-5353
-9997
-3079
-6487
-2377
-6775
-302
-7222
-200
-9442
-1875
-6373
-8838
-5681
-9045
-4102
-521
-4144
-6765
-8133
-5834
-2018
-128
-226
-1467
-3846
-8800
-3680
-605
-6078
-3047
-1249
-1019
-9149
-656
-3288
-2873
-1147
-110
-7490
-384
-5424
-4948
-5410
-3590
-2873
-6217
-7288
-694
-3071
-3055
-2772
-9123
-8374
-1469
-5025
-5778
-6239
-9731
-9002
-3504
-8185
-5014
-6837
-7578
-48
-6274
-8680
-4798
-496
-8526
-7479
-3821
-1336
-9087
-6617
-4518
-4449
-2852
-7144
-6528
-3755
-3661
-2714
-877
-1351
-1124
-6678
-144
-533
-5253
-3634
-7770
-4959
-5901
-2197
-6048
-2462
-175
-395
-938
-5752
-3814
-8118
-8296
-4390
-1791
-5626
-9605
-1882
-850
-3356
-1431
-5451
-4203
-2739
-2921
-2221
-5732
-5349
-494
-6620
-4733
-2453
-8717
-9391
-3151
-4884
-6035
-6879
-8057
-4083
-4778
-5016
-5376
-5748
-7021
-9018
-2363
-5378
-8605
-2356
-8970
-1943
-1512
-8544
-4922
-6634
-6001
-1142
-4073
-179
-8262
-4326
-8683
-5096
-8791
-7970
-2318
-838
-4704
-37
-1170
-8404
-1580
-1458
-8069
-9985
-477
-7538
-3716
-6936
-1232
-5567
-2918
-5817
-8948
-7233
-3747
-8729
-8740
-3438
-7704
-9301
-9673
-3616
-9457
-3378
-2237
-1283
-1432
-4406
-6495
-235
-9271
-1189
-8485
-9932
-1785
-7478
-4819
-2176
-7240
-4140
-196
-4980
-1680
-1885
-9428
-2468
-1917
-4533
-2299
-9200
-7642
-4023
-5536
-5179
-3111
-7536
-4009
-9774
-7370
-1976
-45
-5964
-7411
-8395
-3181
-4932
-8085
-9710
-9497
-5802
-4081
-8081
-4012
-8303
-98
-7662
-228
-8446
-4543
-707
-1355
-6539
-4923
-2799
-855
-6441
-6454
-98
-480
-5152
-6503
-1347
-6678
-2437
-5423
-135
-8956
-9593
-1480
-6031
-3289
-7613
-6671
-5767
-8645
-1560
-9418
-1284
-889
-6047
-4625
-6855
-4281
-5684
-717
-5257
-397
-9152
-2161
-4339
-3199
-1596
-2312
-6238
-5466
-5060
-1840
-8234
-97
-299
-4005
-1949
-6990
-8689
-1842
-5492
-5212
-4929
-3285
-6441
-8303
-101
-7038
-6430
-3303
-8379
-9268
-5049
-6458
-9543
-7779
-8754
-9985
-5050
-5002
-7657
-8407
-9622
-9401
-910
-293
-3437
-1259
-6190
-6028
-503
-3802
-9061
-5821
-956
-9571
-9747
-5713
-4046
-2925
-5347
-4249
-5897
-8451
-7230
-3818
-7219
-239
-3019
-9703
-5883
-3906
-6897
-4243
-1505
-5071
-7517
-3376
-5610
-1713
-500
-2044
-2778
-6051
-4796
-7136
-1227
-111
-2557
-1103
-2634
-3862
-9324
-7083
-6217
-7795
-1967
-2168
-1058
-4173
-7232
-9278
-9573
-2422
-5278
-195
-8651
-9540
-3519
-5681
-7136
-227
-1534
-8797
-5120
-3939
-8433
-1900
-212
-2507
-6603
-9960
-4754
-8824
-3270
-3314
-1354
-5952
-2731
-2068
-2979
-2115
-9418
-7274
-8629
-6763
-5132
-4914
-793
-1170
-5507
-9828
-8550
-3388
-8355
-3281
-6285
-3094
-7625
-6667
-8173
-7284
-5313
-8034
-1994
-5145
-1205
-2195
-3300
-9726
-3473
-9555
-4912
-509
-2174
-8797
-4073
-5576
-5293
-9884
-997
-6444
-4403
-334
-5097
-1659
-4651
-5314
-7449
-8301
-3924
-9839
-5291
-8712
-8964
-8219
-9518
-7663
-7705
-6251
-2646
-1226
-2067
-4765
-3408
-982
-2608
-882
-6264
-2621
-251
-7316
-4764
-4976
-7905
-7005
-7317
-8646
-8831
-1982
-5671
-3153
-7466
-1490
-828
-9498
-1968
-1257
-717
-5187
-2817
-3083
-9898
-3766
-5303
-3155
-3224
-7854
-4776
-9967
-7219
-8545
-6457
-7032
-47
-1443
-904
-200
-3336
-8723
-4724
-118
-4225
-7143
-7504
-3942
-5391
-9057
-4875
-9734
-1303
-4478
-3198
-9784
-1468
-8609
-9050
-4764
-6347
-1090
-4403
-9072
-5676
-3106
-9714
-6942
-3892
-5688
-8514
-5008
-491
-5936
-6044
-8209
-1520
-2429
-4330
-7637
-3651
-7019
-1571
-3126
-4671
-7090
-8984
-2819
-3282
-1256
-6537
-1593
-7710
-1122
-3230
-8678
-9300
-3765
-4009
-8203
-7187
-2169
-4572
-3450
-1593
-6229
-6631
-8337
-9635
-5914
-6594
-9957
-5991
-3685
-4201
-2985
-3145
-528
-424
-1980
-7757
-8798
-5657
-2621
-6006
-9592
-7175
-7268
-2420
-7181
-3375
-68
-2001
-6789
-6342
-7594
-5695
-5062
-1316
-2129
-7911
-2623
-2573
-6574
-7663
-8162
-4866
-7605
-2834
-2215
-8165
-122
-8435
-7632
-8927
-4334
-6547
-2024
-7508
-2393
-5371
-190
-2189
-5206
-1123
-2734
-7740
-2606
-5250
-7175
-2594
-7953
-5589
-9097
-4763
-3381
-3213
-3036
-1082
-743
-4083
-4350
-388
-3311
-297
-7951
-9063
-2944
-9953
-9065
-4025
-3051
-3018
-1643
-9107
-5771
-5216
-4803
-70
-4008
-1908
-5545
-5405
-7519
-5003
-3114
-4550
-5496
-5987
-9414
-8075
-7385
-8939
-4997
-6244
-366
-5398
-8032
-6625
-5730
-8702
-8892
-433
-7455
-3912
-9814
-2935
-8899
-9653
-3610
-201
-3085
-8410
-2144
-2381
-4354
-1570
-6951
-4260
-1252
-5848
-1032
-5601
-2010
-2060
-3522
-5099
-3999
-4129
-102
-2601
-4798
-3413
-8498
-6333
-6197
-5619
-7141
-576
-9270
-4139
-4295
-6211
-2711
-4203
-8545
-6357
-2739
-1932
-9112
-4555
-6100
-380
-9514
-4928
-4656
-7354
-2041
-5059
-3118
-5415
-8895
-8912
-4149
-7600
-7612
-9157
-4280
-1172
-1466
-9152
-1073
-2070
-8598
-7088
-9972
-9517
-389
-3121
-7680
-3354
-7811
-8611
-2394
-2073
-2452
-7034
-3720
-1842
-1794
-8437
-4045
-4544
-9828
-8981
-2252
-3624
-585
-2373
-9544
-8372
-7188
-1247
-9535
-6017
-7064
-5506
-4418
-9170
-3095
-6649
-6592
-3989
-8370
-9436
-4915
-2214
-1153
-1765
-6526
-1478
-4484
-3474
-7973
-3934
-2878
-3669
-9840
-3117
-7657
-6755
-3527
-9842
-7979
-5149
-2391
-7621
-8573
-2521
-7724
-6045
-2667
-996
-8376
-5649
-7314
-655
-8861
-5128
-7717
-970
-486
-5191
-3042
-4647
-8844
-6636
-9092
-8229
-7753
-6319
-3708
-647
-5017
-6491
-59
-706
-3607
-4309
-1577
-5959
-1194
-7819
-3211
-9004
-3635
-4776
-6583
-6357
-5146
-7822
-8984
-1443
-9016
-8162
-9656
-2138
-6311
-1855
-9647
-7721
-4521
-6346
-2996
-2589
-3222
-6528
-8193
-4053
-6198
-5983
-9897
-2635
-8405
-4953
-5915
-7506
-353
-7438
-9776
-2516
-2559
-5704
-8062
-8197
-5952
-4805
-1198
-3459
-5794
-5920
-4489
-2515
-6520
-3306
-7087
-9886
-3800
-7019
-1537
-3069
-2896
-9381
-2646
-7297
-4309
-7902
-5018
-7967
-1563
-393
-3234
-7240
-28
-5342
-3392
-2706
-4584
-8238
-6509
-8175
-5068
-5181
-1417
-5823
-7611
-7144
-3840
-9614
-6065
-7602
-1550
-8782
-1175
-4217
-3712
-4576
-9534
-7427
-1798
-9759
-6536
-491
-2482
-7259
-6799
-1662
-4885
-531
-7960
-3243
-2440
-1936
-1799
-6426
-8200
-9577
-3059
-8954
-6814
-4812
-8734
-1625
-2119
-6489
-8192
-29
-9605
-4365
-1259
-1764
-3330
-662
-3166
-596
-5932
-6751
-7618
-3225
-1633
-7634
-1051
-5699
-5811
-5141
-4209
-1647
-2997
-1908
-9969
-6632
-665
-6624
-9732
-8468
-8062
-3062
-4800
-6938
-275
-7540
-3264
-2623
-5405
-6938
-6999
-3488
-154
-5322
-2091
-5083
-8963
-531
-1111
-6232
-2006
-2007
-3584
-8803
-9171
-4241
-8472
-6721
-9549
-8402
-362
-3270
-6080
-2611
-518
-3764
-9599
-6059
-4063
-6138
-2117
-4496
-5330
-2210
-7947
-719
-7185
-916
-7779
-3229
-5618
-3278
-6490
-8339
-4225
-5464
-4440
-6122
-507
-108
-3807
-3777
-9213
-2903
-5410
-4482
-9958
-9238
-1584
-8210
-7593
-6977
-789
-5806
-6682
-9053
-1867
-2121
-8412
-8355
-33
-5158
-4591
-996
-3982
-5934
-1798
-3986
-4191
-2883
-374
-4241
-9596
-3274
-2947
-1764
-5302
-8989
-2718
-4880
-1237
-6045
-9670
-9885
-3507
-1807
-1717
-1120
-4311
-7876
-8596
-4552
-9133
-2680
-8715
-5201
-8606
-1845
-5470
-3470
-1345
-5023
-7559
-4933
-6686
-6789
-6828
-9759
-4922
-1745
-4284
-7584
-3190
-4262
-9082
-9994
-2644
-12
-2069
-5645
-2278
-8843
-7714
-8815
-2154
-6475
-3920
-6594
-4588
-4496
-9274
-6740
-632
-1802
-6892
-5215
-4732
-484
-2599
-2739
-9360
-6146
-6909
-2320
-6479
-5047
-9055
-4821
-8093
-7801
-2717
-5824
-9337
-9357
-9333
-3744
-8676
-8882
-7745
-5190
-4301
-2259
-7897
-9390
-4979
-4412
-1394
-9524
-2583
-6564
-2409
-2162
-9070
-3198
-5215
-7860
-2001
-2790
-241
-2111
-9373
-7073
-241
-4741
-3350
-2656
-4327
-8821
-8395
-2447
-8008
-5599
-9879
-1301
-1993
-2215
-5230
-5924
-6678
-850
-7327
-2627
-6344
-6755
-7178
-3810
-5943
-7379
-4821
-1690
-7739
-6682
-225
-6337
-8478
-88
-501
-9620
-7212
-2170
-7416
-1691
-5311
-5479
-2894
-1803
-2835
-7684
-7489
-7720
-277
-116
-1154
-2291
-6185
-2732
-9992
-7431
-2349
-6584
-7763
-1070
-9196
-2103
-4149
-4297
-9235
-3000
-7812
-9727
-8245
-6838
-2512
-3056
-6008
-714
-6767
-2415
-336
-8131
-5011
-2604
-6475
-4109
-2147
-3407
-2021
-3555
-1711
-7595
-3810
-2979
-6472
-8017
-4095
-9487
-614
-7010
-4995
-2856
-8663
-6035
-5943
-1960
-1413
-9873
-3881
-7517
-837
-883
-4782
-2590
-8724
-3869
-3342
-9684
-8926
-6136
-5146
-9158
-2190
-9063
-9254
-4043
-3327
-6076
-6125
-536
-5648
-8847
-5396
-5435
-3507
-1104
-5880
-1957
-8450
-9726
-8866
-2906
-7264
-5764
-2622
-9408
-8882
-6655
-6797
-5047
-4451
-1801
-9859
-8207
-2260
-1975
-7353
-5175
-5314
-3972
-9790
-7390
-2744
-1207
-1426
-3491
-5442
-2203
-2862
-6351
-1190
-5605
-9315
-9396
-2947
-4041
-6252
-9200
-7918
-1169
-6092
-7988
-9263
-8202
-6985
-569
-6754
-6614
-6676
-8760
-7046
-3405
-7498
-2341
-8220
-744
-8802
-3446
-4479
-1322
-8142
-8608
-603
-5338
-8445
-3113
-593
-2257
-7786
-7590
-6489
-5682
-1856
-5022
-73
-2321
-5623
-9821
-1866
-674
-4899
-8747
-5543
-4924
-3968
-50
-7754
-8732
-9800
-6691
-61
-3942
-6873
-9899
-9949
-8085
-9614
-4908
-7402
-1375
-8906
-5661
-613
-2897
-1641
-578
-5898
-8936
-4081
-8214
-3601
-3826
-3511
-8066
-6713
-8953
-7688
-1229
-6590
-41
-6627
-4011
-5098
-4599
-4390
-6004
-5597
-7473
-6926
-6950
-6321
-2328
-9303
-434
-599
-2218
-3024
-5514
-3176
-6940
-8249
-338
-7611
-9023
-3704
-2044
-4915
-6947
-3133
-582
-8713
-2362
-831
-6448
-9006
-3973
-59
-8462
-9677
-7341
-6627
-2873
-4259
-339
-8324
-1113
-3222
-7997
-8088
-7040
-1847
-291
-2212
-2183
-2796
-3245
-6367
-1461
-6422
-6676
-7363
-2448
-8159
-5770
-2273
-1563
-6607
-7457
-5103
-6210
-4351
-3928
-84
-4226
-1627
-358
-10000
-7073
-2611
-4794
-1230
-5847
-9697
-371
-2547
-9357
-4214
-7210
-271
-3904
-2129
-3854
-3701
-1738
-7107
-6744
-1692
-419
-6263
-155
-4217
-8301
-785
-9024
-9712
-9764
-2815
-2298
-7705
-8584
-5594
-2146
-4881
-4465
-320
-4415
-7601
-878
-6001
-4498
-4696
-5236
-4240
-675
-643
-6511
-5000
-9368
-64
-9327
-6434
-3171
-8199
-2909
-9047
-3236
-2973
-7761
-6314
-3324
-1859
-2529
-1626
-8467
-9330
-903
-6623
-6276
-5770
-5759
-1424
-2788
-4354
-5323
-4393
-4533
-2518
-9816
-913
-5931
-4865
-1453
-8405
-371
-6271
-3603
-2703
-4405
-8186
-3414
-3766
-3113
-5500
-1628
-8208
-1872
-5905
-7959
-2506
-2327
-3453
-1148
-9689
-1408
-9787
-1645
-5708
-1433
-9955
-3000
-9167
-451
-1198
-3368
-3876
-1108
-8173
-7810
-9872
-9542
-4647
-8190
-3589
-4555
-4478
-5882
-3406
-2982
-7351
-8286
-2949
-9941
-3687
-6635
-9415
-7071
-8440
-6308
-2141
-1782
-5100
-6304
-2415
-9931
-7638
-8581
-3165
-6390
-4089
-632
-1749
-8922
-2052
-6110
-9393
-6441
-7310
-5937
-4217
-845
-5642
-3751
-787
-8603
-5432
-4911
-790
-488
-9381
-9643
-9809
-8050
-4392
-4224
-4900
-2840
-1389
-8435
-1851
-1009
-3390
-6693
-1610
-6384
-5554
-1366
-2710
-8613
-858
-2513
-9375
-9065
-2970
-6784
-6345
-9152
-5653
-3127
-7390
-5360
-7309
-8659
-6511
-2955
-5418
-6829
-5705
-1381
-2286
-6480
-1670
-5698
-3514
-9002
-6236
-363
-1981
-1268
-1115
-989
-9535
-5612
-5260
-2168
-5906
-9850
-7883
-6116
-8197
-8274
-2404
-59
-3498
-5759
-1405
-4905
-3674
-7192
-9642
-4467
-4421
-1008
-1090
-6304
-8137
-5408
-1229
-1259
-8650
-3862
-195
-5483
-5596
-1858
-2549
-8791
-4926
-890
-5013
-4628
-4055
-889
-7939
-208
-1211
-7359
-6853
-1413
-5505
-7479
-7671
-9074
-7098
-146
-9048
-7853
-2529
-6269
-2678
-3283
-1671
-2054
-9294
-1748
-9555
-4435
-2718
-4697
-5979
-4605
-9826
-9729
-9954
-7893
-4635
-9696
-9639
-9795
-2361
-2179
-5047
-1167
-1279
-8555
-8336
-3687
-1880
-8888
-6700
-7425
-4172
-1604
-2811
-5063
-3620
-4945
-3820
-8431
-3676
-7239
-9060
-4464
-6949
-3904
-478
-114
-6650
-3481
-8860
-59
-4594
-9899
-8432
-8343
-8604
-327
-6974
-6839
-4051
-8521
-6690
-1016
-5784
-2609
-2405
-215
-5546
-2114
-857
-6948
-1511
-4717
-4531
-5678
-8726
-3147
-3117
-4524
-7026
-8985
-798
-7637
-3935
-5120
-5189
-2673
-9309
-3620
-996
-2319
-3595
-6010
-9964
-5330
-4646
-2542
-5996
-9537
-1783
-2667
-1205
-189
-2125
-3797
-4016
-6119
-882
-8518
-5684
-2468
-107
-5447
-2964
-6656
-1972
-9003
-548
-5500
-1623
-9147
-815
-6086
-2371
-3270
-5189
-996
-5496
-8890
-9335
-2276
-9011
-7685
-162
-7089
-9720
-5246
-7152
-4147
-8780
-8467
-1165
-5914
-3904
-5433
-3929
-8903
-2488
-3897
-6270
-2302
-6116
-2831
-516
-789
-3631
-1599
-2962
-330
-5549
-6274
-6843
-2111
-8012
-5661
-336
-4062
-2585
-4349
-7085
-9415
-9636
-2890
-3739
-9263
-6368
-4411
-4122
-8322
-7243
-968
-8609
-1160
-9793
-8991
-4966
-8805
-8667
-1832
-4152
-4218
-7047
-8730
-681
-3559
-463
-4063
-5824
-2017
-3149
-6009
-297
-1079
-9714
-6680
-2287
-5389
-3200
-4377
-7825
-1199
-8056
-4810
-334
-1438
-2887
-1986
-3397
-6217
-3811
-5781
-2905
-169
-7162
-4229
-3594
-1091
-8574
-1657
-8155
-5310
-9602
-4911
-7153
-7052
-9849
-2065
-9751
-2047
-3087
-6955
-3665
-4880
-661
-3821
-5338
-4463
-2620
-8327
-4690
-3032
-1973
-8745
-3195
-7754
-5502
-9639
-7534
-3935
-3609
-6880
-3364
-8573
-1740
-8127
-2422
-7840
-8280
-2448
-3070
-2642
-5916
-7024
-3396
-5522
-2547
-2342
-9544
-774
-2824
-1720
-4886
-3957
-2333
-629
-9299
-6586
-6159
-7335
-8998
-1088
-6154
-561
-200
-713
-8582
-6368
-1196
-7188
-9224
-4447
-1784
-9839
-9116
-963
-6041
-1918
-7280
-4181
-4817
-8138
-5899
-3724
-2196
-6771
-7025
-9002
-1964
-1086
-4205
-2373
-2932
-7166
-2455
-8595
-2720
-8971
-4824
-4396
-3461
-5507
-9297
-4906
-794
-7122
-6999
-613
-8372
-4618
-8899
-7405
-4697
-6089
-8402
-248
-2338
-4421
-7881
-4778
-7478
-1530
-6333
-5103
-7175
-2053
-8011
-1593
-1717
-3376
-9403
-1154
-5551
-5914
-9481
-8291
-898
-2153
-6317
-8405
-3467
-267
-8138
-6750
-6898
-1274
-2253
-3699
-2099
-426
-8366
-7337
-6599
-5307
-9305
-728
-8714
-849
-5744
-3152
-9147
-2627
-5118
-4197
-1060
-6208
-2253
-8280
-485
-4841
-1102
-9999
-9427
-6312
-3626
-5799
-2776
-1107
-9498
-8224
-8631
-4504
-6368
-9905
-9980
-3710
-1265
-2856
-6820
-3341
-2016
-1178
-5784
-2612
-9553
-1560
-6557
-9876
-7892
-5638
-8656
-2130
-1653
-9981
-5808
-8241
-6715
-5702
-4774
-4690
-6321
-6971
-8090
-948
-4898
-6873
-2071
-5870
-7798
-6498
-3658
-4911
-9384
-710
-7758
-7856
-5615
-8283
-8921
-288
-2637
-4450
-544
-3479
-7998
-6032
-9955
-1071
-5807
-6970
-3644
-6328
-9698
-1085
-3205
-8740
-9069
-9923
-2236
-7193
-3005
-1361
-9507
-2600
-5385
-9809
-1143
-1710
-7452
-596
-9291
-5395
-1139
-270
-8201
-7823
-8750
-7782
-2809
-5707
-2094
-9348
-7818
-288
-351
-3348
-1443
-9914
-913
-636
-3321
-6892
-5031
-8070
-5330
-9267
-6498
-950
-5847
-2658
-7911
-9697
-643
-46
-9736
-5571
-5584
-9417
-3778
-8626
-9275
-580
-1572
-5953
-5146
-7104
-3118
-6308
-3734
-5278
-7922
-8573
-729
-324
-276
-9670
-7368
-506
-3143
-3921
-2667
-8245
-7863
-168
-963
-7068
-8214
-7740
-8059
-1947
-8745
-8917
-574
-3811
-7520
-5089
-1150
-4160
-8100
-6442
-2090
-9559
-6973
-5677
-2263
-2467
-5933
-3828
-892
-8259
-2938
-4578
-372
-890
-7858
-7129
-4539
-5914
-8076
-8459
-9510
-3576
-6727
-9595
-4380
-4632
-6675
-3534
-3141
-9981
-2938
-6693
-5629
-9839
-9679
-1736
-4065
-7300
-2992
-1419
-2124
-5495
-1419
-4651
-6351
-5212
-8225
-3583
-7979
-4446
-6790
-7221
-5752
-5940
-6776
-9962
-2151
-8814
-5718
-826
-390
-2991
-1133
-910
-444
-3653
-6580
-2482
-5005
-6725
-555
-9981
-7506
-3236
-5234
-1584
-1201
-5300
-6880
-2251
-4944
-6992
-1326
-4274
-64
-3854
-4983
-3958
-6304
-6777
-372
-9409
-8564
-94
-3563
-8091
-9701
-683
-9262
-5651
-7345
-3629
-2692
-9726
-554
-5021
-5343
-3651
-4237
-9333
-5137
-4052
-1998
-7821
-1852
-9672
-5535
-3628
-1546
-330
-8252
-1165
-5696
-474
-2653
-4583
-335
-8857
-7524
-9541
-3310
-5878
-1463
-5992
-3019
-9352
-2275
-1488
-6551
-7681
-3164
-8485
-5505
-1405
-71
-2820
-9114
-3604
-394
-1604
-9894
-5804
-888
-722
-4255
-5216
-64
-8577
-4935
-3041
-2075
-4964
-2478
-817
-8606
-3334
-8105
-7731
-2881
-9751
-9216
-6375
-7001
-3299
-3141
-9509
-8045
-3735
-7019
-7521
-3641
-7626
-8571
-1656
-6364
-4632
-1014
-7072
-6672
-5206
-1345
-1271
-3258
-2612
-4941
-9346
-1824
-1299
-6341
-6736
-5445
-6686
-5967
-6498
-7847
-3401
-4213
-8842
-1501
-5404
-1436
-6521
-2185
-3331
-692
-6577
-5250
-4211
-4960
-9502
-575
-7431
-4419
-7081
-578
-6282
-1163
-1976
-8799
-9119
-6356
-770
-9932
-5483
-3482
-4834
-6447
-6291
-3165
-4614
-4033
-7224
-7689
-2714
-3284
-9342
-5387
-5330
-347
-6418
-4815
-3283
-2083
-7659
-3397
-8852
-8093
-8417
-4207
-2220
-2561
-5942
-5563
-8597
-5055
-155
-8565
-1978
-7263
-6606
-2436
-3147
-5590
-2363
-3496
-9000
-8506
-9904
-5956
-5383
-4626
-9278
-4032
-6579
-205
-984
-2782
-3842
-7119
-7578
-5002
-2334
-7194
-1989
-6182
-1915
-4139
-5212
-7557
-3836
-3143
-8653
-4989
-6198
-4661
-4502
-1776
-590
-4848
-4293
-5021
-4727
-9699
-5618
-2938
-3871
-4005
-8615
-6685
-8597
-713
-8597
-650
-9311
-6997
-6709
-3161
-8228
-2007
-3609
-7139
-1061
-4827
-3374
-1621
-7043
-5194
-7046
-4420
-2197
-1429
-1921
-6834
-7110
-1418
-3902
-5952
-9926
-2572
-5980
-4550
-4933
-2060
-5216
-1680
-5546
-6396
-1956
-6240
-5711
-7344
-45
-3208
-9903
-6777
-1082
-4636
-9659
-5620
-7709
-656
-2598
-9657
-2096
-4531
-7611
-4406
-6140
-1993
-623
-9394
-8846
-8958
-8029
-9298
-5567
-6431
-1021
-8497
-4680
-7033
-4150
-2873
-5484
-3486
-681
-5758
-3206
-1939
-148
-2596
-4286
-5203
-9817
-2088
-4906
-7623
-5258
-3343
-9930
-1044
-6379
-8319
-3902
-2832
-4187
-1574
-3226
-8804
-2172
-6231
-3775
-7790
-5659
-1330
-2410
-7945
-8103
-9479
-3052
-8703
-7723
-7924
-2766
-3820
-9625
-8008
-5049
-4708
-6953
-4683
-8933
-879
-8651
-4898
-7345
-7547
-5630
-3666
-7011
-2662
-352
-2241
-7888
-4465
-3472
-693
-5225
-2954
-604
-9324
-6802
-7908
-614
-6559
-6718
-8896
-678
-7526
-1478
-1050
-9258
-9501
-4442
-6648
-647
-4272
-2158
-6333
-4678
-3298
-4982
-6009
-4749
-6142
-7073
-2233
-5617
-7875
-3148
-9299
-7026
-9131
-8204
-6681
-9018
-5600
-654
-4907
-7123
-4901
-2043
-5523
-9129
-3665
-1320
-1439
-594
-7087
-6930
-3053
-1673
-613
-4275
-3661
-9059
-4595
-6315
-6922
-6498
-8399
-5088
-633
-175
-7868
-1099
-7302
-3322
-5686
-4444
-6189
-3350
-3069
-893
-770
-1277
-8012
-3257
-5719
-6768
-4429
-9170
-1014
-5818
-6586
-5453
-8144
-5444
-7579
-1282
-8369
-7353
-412
-1427
-2278
-9820
-5098
-9930
-860
-7055
-8734
-2877
-868
-8019
-4860
-9695
-8696
-3154
-4097
-16
-3330
-7376
-8991
-5474
-5266
-6441
-1585
-8737
-9107
-2657
-2747
-5318
-1322
-6998
-2930
-1196
-2778
-7631
-9201
-2270
-9565
-7355
-7505
-5457
-1239
-3139
-3517
-3023
-3032
-1037
-3692
-4450
-5357
-1575
-2798
-1344
-4551
-5502
-7477
-5054
-8606
-5409
-1249
-7474
-1205
-9915
-9184
-5604
-6456
-1660
-848
-5772
-5907
-8438
-1762
-5292
-9334
-5821
-7412
-7458
-984
-2755
-3837
-3190
-5964
-2626
-829
-5425
-4066
-5642
-9988
-9733
-4557
-1148
-7637
-9116
-2893
-4335
-8671
-7194
-6499
-5783
-9932
-3979
-7446
-3465
-1491
-3125
-1505
-2504
-821
-703
-9253
-7064
-7407
-6831
-6633
-6409
-9350
-4617
-5705
-2082
-7853
-3842
-4359
-6683
-2103
-4673
-851
-2409
-8375
-3854
-1981
-8773
-8965
-5170
-7494
-1370
-5552
-498
-4711
-9606
-2204
-3542
-4466
-9419
-3146
-7020
-999
-2098
-8230
-2532
-1022
-4350
-2208
-3826
-5239
-8805
-2891
-3235
-6241
-3491
-8983
-7238
-236
-7331
-5979
-9893
-9336
-4879
-6278
-5201
-7190
-2657
-1160
-1660
-2732
-5365
-9747
-8770
-6482
-4159
-9496
-6035
-6024
-7466
-6181
-2378
-5247
-9057
-5209
-7559
-9503
-2269
-6383
-6461
-5472
-7745
-7847
-993
-1761
-2570
-2999
-1981
-5866
-6874
-6111
-3654
-967
-8573
-261
-8678
-8718
-7057
-4060
-3800
-9361
-1886
-5729
-8096
-6052
-567
-2315
-8705
-5718
-8355
-7005
-5501
-9794
-2990
-4176
-3183
-5290
-5221
-6674
-9107
-9023
-2686
-997
-3581
-442
-29
-4657
-5759
-6599
-5654
-1487
-7693
-2030
-6909
-8109
-4265
-5237
-2494
-512
-6034
-3200
-5336
-8305
-647
-9707
-2255
-8594
-3358
-2569
-3164
-3980
-301
-3959
-7642
-6922
-6621
-3453
-7982
-5067
-9162
-3525
-1488
-8368
-2020
-7584
-5482
-3621
-8024
-9946
-5830
-9751
-4026
-4074
-8552
-963
-3309
-9647
-6985
-5192
-9644
-2006
-4098
-1216
-5101
-9807
-9681
-2720
-7578
-938
-4034
-4639
-6105
-6875
-820
-8814
-7883
-5631
-9687
-6797
-4608
-474
-4579
-342
-209
-5077
-1988
-1001
-2065
-71
-8566
-7936
-2009
-7200
-9409
-1971
-3415
-5152
-6702
-615
-5208
-6338
-1265
-7350
-2113
-7083
-6086
-9835
-6831
-2915
-6954
-8559
-9995
-46
-9689
-2050
-1401
-302
-6854
-5421
-7936
-4880
-571
-4024
-2670
-9385
-7650
-499
-4758
-1444
-6097
-763
-8450
-941
-2892
-2041
-8633
-9640
-7017
-5890
-4011
-1619
-2598
-7296
-3494
-6182
-1901
-859
-8019
-6725
-4196
-5899
-7684
-8631
-3007
-2857
-6997
-4065
-1131
-4931
-6026
-2710
-8704
-4909
-5127
-1412
-6383
-6656
-7531
-4978
-3369
-9710
-3831
-7733
-3712
-6993
-2232
-7780
-4035
-9698
-1824
-4656
-9996
-4086
-5700
-7066
-3007
-8737
-7421
-551
-7370
-37
-8711
-9446
-3012
-1288
-1875
-6914
-8993
-8348
-691
-4565
-5533
-9151
-783
-9877
-6566
-8361
-527
-3185
-3641
-9938
-9321
-8249
-8613
-6490
-3310
-7869
-2175
-1350
-8635
-289
-8295
-9345
-8699
-5021
-8227
-838
-5017
-8438
-6138
-3088
-2454
-5976
-4533
-6946
-5564
-8506
-992
-1777
-948
-8593
-8547
-1589
-4373
-5788
-8539
-782
-8604
-4806
-7329
-4972
-4674
-9581
-7079
-4590
-2529
-7179
-9823
-6735
-6588
-3822
-5729
-3088
-9622
-2097
-9926
-8267
-8702
-3509
-2048
-5045
-7244
-6515
-8165
-2562
-2127
-6623
-733
-3347
-6274
-3903
-4782
-5827
-6116
-2803
-9638
-7989
-2845
-4229
-8222
-1988
-458
-4110
-4058
-3243
-2062
-815
-1763
-8220
-5234
-7411
-7379
-2748
-298
-2579
-305
-9162
-6020
-7327
-412
-2263
-7948
-6628
-3644
-6808
-6376
-7307
-7645
-4543
-675
-4704
-8837
-338
-9513
-1609
-9561
-7791
-888
-1700
-3975
-5477
-4692
-4621
-3081
-8606
-8857
-6986
-2379
-9412
-1161
-774
-398
-4790
-1949
-8446
-5637
-1425
-8754
-2134
-7536
-3810
-6449
-5168
-5922
-7582
-7435
-8807
-2826
-8356
-8047
-9437
-3543
-6054
-4981
-7926
-3321
-3608
-6516
-2997
-6486
-7000
-651
-6234
-9228
-977
-4485
-4844
-2868
-5418
-3945
-9238
-5050
-5488
-9157
-1970
-8601
-5414
-9998
-7354
-5534
-6761
-9420
-9989
-4548
-534
-2581
-1626
-336
-4360
-1307
-6936
-5669
-9165
-2526
-7371
-9278
-5258
-983
-796
-8913
-9099
-9938
-2876
-6653
-3986
-4252
-5522
-8161
-7019
-2846
-7845
-4116
-9132
-9433
-1662
-747
-4936
-8325
-1654
-6076
-81
-463
-1872
-9952
-4059
-8499
-4028
-4435
-1872
-9103
-3388
-3610
-6105
-5355
-7015
-4340
-9470
-4267
-6688
-4751
-9371
-9188
-8655
-5713
-9622
-8341
-5715
-2086
-6407
-9299
-8869
-2651
-8261
-9560
-9893
-9583
-6418
-9210
-4309
-2728
-8316
-1302
-9332
-6793
-2831
-1996
-7729
-5235
-9426
-4262
-7922
-7016
-5092
-3015
-8375
-3320
-6324
-7532
-4181
-6889
-3809
-401
-3166
-2622
-3351
-4244
-4332
-9202
-2228
-4695
-3170
-4613
-1867
-9191
-5566
-6451
-4587
-5102
-4085
-5842
-4986
-3907
-1179
-7405
-5932
-6526
-7367
-4025
-6286
-1827
-9779
-2265
-7896
-1572
-2572
-7023
-166
-6159
-4262
-4247
-6171
-8626
-9737
-1960
-3783
-4184
-4251
-6009
-4969
-1629
-2296
-8652
-5496
-1788
-8331
-3714
-1271
-4053
-8223
-2347
-1399
-8850
-7778
-9391
-8741
-7578
-4076
-848
-5666
-7200
-4782
-7698
-8752
-136
-4374
-6422
-160
-4277
-6478
-867
-4976
-4687
-3770
-8023
-1830
-2080
-4519
-1857
-5082
-1298
-4747
-9134
-5380
-6258
-6083
-8516
-5476
-6500
-7225
-9708
-3529
-2898
-7799
-3429
-7688
-1843
-2093
-9859
-6953
-5411
-2666
-1955
-2074
-9315
-5901
-8517
-6809
-7693
-8172
-1416
-8629
-3067
-9772
-8448
-5786
-3826
-644
-8132
-4271
-2646
-1047
-5538
-1647
-474
-2084
-2904
-528
-8913
-4158
-1746
-5690
-2510
-3003
-8217
-6910
-3890
-8978
-16
-2305
-1802
-754
-5296
-5354
-6529
-1924
-8658
-1142
-5387
-952
-779
-8778
-1093
-3333
-7599
-2568
-3644
-9084
-9390
-5645
-362
-9204
-705
-7927
-8002
-8520
-774
-1128
-819
-2240
-8598
-4525
-3917
-1067
-8408
-3507
-3208
-3066
-9961
-9943
-6454
-6726
-4877
-2574
-3587
-4749
-3652
-8047
-3763
-9433
-9958
-3083
-8535
-9711
-892
-9087
-7450
-6943
-3815
-9538
-5613
-2081
-833
-3635
-4653
-7896
-9611
-494
-3818
-2224
-1017
-1365
-1515
-7665
-544
-9580
-2759
-1205
-988
-5925
-5428
-5005
-4638
-6216
-5949
-9747
-5808
-4878
-4131
-9658
-1432
-4567
-8869
-4420
-1760
-2185
-7005
-9999
-6243
-4433
-9480
-4246
-6490
-563
-7237
-3597
-6860
-9001
-2391
-5486
-6906
-1586
-9027
-7446
-8314
-8594
-6231
-8159
-3355
-8238
-1802
-7655
-8953
-1373
-6526
-4547
-8792
-5868
-445
-5899
-1180
-24
-380
-5524
-3004
-9937
-3514
-3732
-1184
-6967
-8090
-4262
-8765
-119
-2124
-8472
-2712
-4161
-9752
-3725
-4030
-837
-3121
-8768
-3824
-1449
-3893
-4673
-7139
-6998
-2884
-3080
-6679
-8848
-4984
-8726
-4997
-4888
-5540
-4563
-9598
-6765
-186
-8753
-603
-9014
-8551
-292
-4152
-9716
-2737
-226
-386
-2277
-2638
-6476
-1592
-2802
-4632
-484
-3669
-6240
-1581
-1164
-3699
-6596
-3868
-7342
-5379
-3457
-6918
-9275
-6700
-9166
-2078
-4614
-125
-8486
-3647
-9529
-2515
-2352
-984
-3118
-6923
-5698
-1504
-9802
-2847
-5864
-6545
-1494
-4984
-951
-8813
-9855
-2362
-4215
-3248
-370
-6084
-5481
-3266
-94
-1319
-2629
-4506
-9241
-9572
-9256
-2763
-5635
-8630
-4819
-5501
-7904
-9886
-1662
-6262
-3009
-7809
-4169
-594
-4530
-4519
-1887
-8243
-7784
-8994
-4124
-6719
-5525
-5668
-8361
-9142
-1318
-8209
-8120
-6772
-7162
-8392
-9707
-9815
-8861
-4053
-7970
-8107
-5402
-4769
-2535
-302
-530
-1668
-7674
-5426
-9745
-9714
-320
-998
-5546
-8593
-3301
-3615
-6077
-1183
-8633
-8540
-549
-7681
-2159
-187
-8846
-6685
-8256
-4471
-3756
-150
-6830
-4123
-218
-9178
-5967
-6407
-3663
-8581
-862
-8458
-6725
-5223
-4640
-159
-5531
-3293
-5801
-1228
-9334
-6779
-9009
-3529
-3194
-4201
-3739
-6352
-6307
-3252
-2720
-6951
-4055
-5227
-3263
-9769
-7731
-5709
-7769
-2759
-5711
-1147
-7667
-8863
-9433
-1729
-7936
-6332
-2286
-860
-8240
-601
-5479
-8506
-6090
-3245
-3834
-7756
-9361
-6403
-9792
-2162
-7486
-4442
-8725
-269
-1504
-9320
-55
-1921
-5328
-1446
-72
-5571
-8377
-3339
-5349
-4457
-8195
-8422
-778
-9570
-2642
-7531
-6377
-6892
-111
-4089
-2652
-9589
-8906
-2933
-6430
-12
-3967
-6507
-4357
-3048
-2399
-3789
-3325
-3093
-1293
-2658
-5532
-6085
-7958
-2959
-4564
-1085
-8007
-9004
-4878
-9169
-477
-441
-7984
-6214
-1104
-2157
-9381
-7001
-3726
-9751
-622
-883
-3680
-7359
-9963
-2924
-4495
-4852
-8450
-5382
-6830
-2146
-7458
-8914
-3825
-800
-5243
-9946
-9469
-6757
-4749
-399
-9468
-1220
-812
-1230
-3806
-4219
-3521
-4852
-5751
-8942
-3060
-6964
-6155
-9128
-5688
-608
-7023
-3665
-8297
-6115
-7056
-8853
-5745
-172
-5055
-7381
-6415
-9312
-2465
-8853
-612
-8292
-194
-448
-2774
-5819
-1764
-9303
-2889
-6939
-8671
-5705
-1064
-5486
-4282
-7982
-4111
-3904
-8528
-5215
-3186
-6692
-8294
-9382
-7862
-5228
-1105
-4733
-1738
-8277
-1528
-883
-9723
-845
-3456
-4876
-2973
-4494
-5910
-2660
-5528
-7377
-2500
-4328
-5065
-2397
-2157
-305
-9178
-8804
-6285
-3668
-9135
-8520
-8873
-3241
-1509
-8677
-2477
-4908
-5364
-2340
-2356
-2859
-642
-2627
-5283
-1988
-5439
-1581
-3978
-3432
-9612
-3248
-6277
-6029
-5408
-8545
-959
-363
-4963
-9790
-3710
-3447
-6618
-1953
-6323
-1333
-7130
-6954
-7724
-542
-575
-7982
-2208
-1289
-4986
-718
-4510
-9190
-8472
-2467
-441
-4044
-7860
-8966
-2036
-4622
-549
-5448
-1578
-4253
-1412
-5246
-61
-9959
-2155
-4708
-9967
-8630
-5758
-1465
-9610
-8245
-156
-2748
-2947
-3125
-5559
-9212
-2654
-3460
-9927
-1036
-7245
-2524
-9595
-7646
-4656
-231
-6933
-8855
-8957
-4859
-3020
-868
-801
-7127
-5543
-5647
-1827
-2588
-5304
-4391
-1748
-7484
-8390
-8409
-2272
-2805
-5041
-2688
-99
-6104
-216
-8161
-9757
-2429
-5546
-2543
-2126
-7853
-6483
-1868
-7223
-8542
-6745
-705
-959
-757
-4309
-9479
-9351
-1329
-3625
-9227
-1553
-1896
-5286
-7399
-6875
-9504
-3177
-5126
-977
-4220
-1942
-3700
-3217
-7371
-813
-4328
-5855
-2178
-2924
-1822
-7580
-8381
-2483
-7105
-1427
-4046
-1770
-7533
-8676
-4607
-7565
-5526
-5258
-6811
-9166
-5271
-575
-623
-1016
-3864
-5852
-4080
-386
-8793
-764
-4298
-3189
-9190
-9146
-5301
-3231
-514
-6720
-6585
-6250
-5613
-4010
-5087
-9601
-147
-3048
-2285
-9743
-1108
-999
-6432
-2468
-6026
-8524
-5853
-121
-768
-8767
-6524
-7331
-4889
-7910
-1044
-5663
-8010
-3280
-3186
-3632
-8674
-2005
-9830
-996
-3712
-6955
-684
-8215
-7889
-8371
-6878
-9245
-3309
-6437
-9179
-6488
-8498
-9555
-9757
-2794
-7041
-4565
-3329
-9870
-6901
-319
-2150
-5238
-2675
-7154
-9520
-6614
-1536
-4530
-5988
-7545
-3231
-763
-2095
-1621
-9076
-4597
-8333
-5878
-8711
-3882
-5723
-8873
-4233
-3526
-2227
-1803
-5017
-2599
-2217
-4349
-3328
-5467
-8280
-4013
-8432
-9472
-5719
-1602
-170
-6135
-5199
-1743
-2191
-7713
-7112
-2108
-7622
-5828
-8402
-1103
-7751
-910
-6167
-6541
-9607
-5495
-5357
-4743
-309
-2098
-7847
-1147
-7816
-6935
-8173
-822
-8538
-5399
-231
-64
-9524
-5683
-6574
-7831
-5659
-7457
-3592
-7015
-4012
-228
-3358
-758
-7584
-5038
-9611
-8803
-4084
-4478
-4058
-4814
-4348
-2580
-5710
-2086
-1178
-5254
-8273
-2839
-288
-1482
-6503
-7157
-8277
-1750
-6203
-9892
-6550
-1960
-9460
-3598
-4653
-6318
-7960
-1846
-5506
-26
-4175
-646
-7599
-7910
-7726
-1305
-5106
-6173
-7460
-789
-3972
-544
-5751
-569
-9451
-6987
-7431
-5810
-1540
-1019
-6030
-2958
-759
-5731
-6046
-7610
-5116
-9362
-7760
-7540
-6625
-5330
-4149
-927
-1609
-2953
-7290
-8201
-3408
-5663
-522
-6311
-8482
-2624
-8400
-6230
-6744
-3625
-9269
-7478
-1412
-1447
-7242
-5903
-3030
-5670
-4991
-7021
-1499
-8981
-7263
-9615
-2505
-1767
-3521
-5330
-4682
-3546
-521
-8041
-5407
-3013
-6763
-1825
-3423
-3661
-3787
-9096
-1479
-9379
-9587
-2930
-1723
-7057
-7622
-8909
-6698
-5699
-3749
-6682
-1357
-4703
-1543
-5822
-7725
-3739
-8518
-5949
-9299
-2472
-3366
-7976
-4829
-6603
-2361
-4610
-8893
-6609
-5901
-3552
-5300
-4518
-89
-6584
-5251
-5648
-8312
-5115
-3985
-5493
-5229
-6339
-1610
-9468
-7613
-9842
-8986
-9802
-1046
-3994
-3209
-7398
-5972
-8513
-8225
-2991
-9492
-9102
-6352
-29
-2743
-9385
-2662
-7739
-8800
-7416
-6298
-2414
-1373
-9250
-6293
-5764
-7468
-3323
-2609
-8757
-4944
-5969
-5270
-5927
-5207
-9022
-4747
-9644
-8894
-9613
-8687
-289
-3682
-1574
-5941
-2796
-9012
-788
-8181
-1875
-7462
-263
-2544
-4873
-2758
-505
-1015
-9186
-3363
-4072
-6525
-1406
-6782
-8310
-6330
-8723
-9311
-6974
-4330
-171
-3858
-8976
-1786
-8672
-9320
-8479
-4662
-5044
-9716
-1108
-8585
-3343
-8239
-1803
-9898
-1361
-9253
-8036
-9605
-7058
-6647
-172
-4764
-1999
-8913
-9212
-3104
-2906
-5719
-752
-1804
-3318
-1673
-7579
-8919
-6400
-7835
-1161
-1961
-6695
-4919
-8539
-1684
-5637
-4249
-2918
-3323
-421
-7492
-8352
-8571
-590
-7852
-5622
-8983
-9544
-2085
-2983
-3151
-6059
-1308
-6378
-9340
-4366
-7201
-4284
-6092
-5269
-768
-3591
-1195
-8590
-699
-4872
-3770
-8700
-2243
-2782
-2347
-668
-832
-4097
-3838
-5766
-2669
-8091
-9260
-3605
-6915
-6364
-69
-4301
-3548
-9198
-1643
-9152
-7652
-5475
-2610
-4058
-8091
-927
-7987
-7668
-4281
-2772
-7729
-8281
-9611
-2693
-3519
-9373
-8347
-9801
-8126
-8041
-8144
-3099
-1846
-8748
-3993
-4260
-9747
-6281
-1456
-9219
-8054
-4412
-5839
-5000
-343
-841
-2863
-2853
-5462
-9407
-4985
-9070
-5120
-5748
-8978
-5281
-7229
-3246
-2009
-5491
-1905
-7322
-3319
-191
-1578
-4192
-7729
-3221
-7148
-4193
-1695
-6169
-593
-7558
-5041
-276
-6515
-4933
-1903
-8281
-7832
-5260
-4206
-5296
-1911
-6190
-2817
-1765
-2548
-567
-5252
-2601
-7174
-5542
-1362
-1702
-7931
-6980
-7337
-3894
-4758
-9305
-2489
-5199
-9500
-9548
-7818
-4394
-4519
-7821
-1746
-501
-8487
-5089
-9320
-7054
-172
-2743
-7710
-3642
-9320
-4159
-6319
-7790
-6465
-1266
-3606
-4382
-7653
-1850
-4303
-9732
-183
-7998
-1068
-6356
-7572
-6931
-5572
-9162
-6071
-3114
-5874
-9923
-7339
-8974
-6023
-6836
-2115
-5650
-8113
-6878
-6857
-5154
-5587
-7734
-1263
-3269
-5168
-1985
-2507
-6874
-4914
-8302
-6167
-4337
-689
-6565
-1855
-6819
-6473
-9338
-7266
-2368
-6838
-3271
-7796
-9902
-1180
-2047
-2970
-4060
-8089
-5781
-3835
-2856
-8174
-5765
-6425
-3305
-9991
-4901
-5290
-1529
-3415
-9888
-3283
-6197
-3755
-919
-9524
-2347
-3681
-9082
-3279
-5752
-9272
-7188
-5607
-8709
-4634
-7935
-1861
-4548
-2041
-9306
-1036
-4712
-9529
-2030
-2543
-4065
-7381
-8615
-2311
-2746
-6227
-1601
-9603
-7839
-9451
-5759
-2820
-4403
-9228
-6758
-9659
-6424
-4594
-5696
-8918
-1081
-8764
-9381
-6710
-9330
-3278
-5890
-7308
-9827
-1333
-4085
-3921
-5928
-622
-4301
-9092
-7646
-7606
-2991
-7411
-1611
-1136
-8322
-9693
-2029
-2571
-5434
-7045
-1228
-4546
-8111
-8510
-1867
-3846
-5536
-5955
-8681
-4502
-9554
-8045
-4999
-2937
-1184
-9352
-1665
-1321
-6745
-879
-1921
-955
-4850
-5878
-7043
-7177
-5810
-3938
-5553
-7991
-2355
-2788
-8052
-7649
-1557
-3920
-1529
-6549
-17
-2812
-9328
-446
-9528
-6649
-9453
-3727
-8770
-2282
-6846
-6797
-5047
-8063
-8064
-6176
-4792
-115
-4101
-8297
-2908
-7860
-9772
-1528
-3104
-5774
-2108
-5030
-3630
-7107
-1197
-4380
-2069
-7814
-3736
-961
-7763
-4983
-3742
-4797
-6824
-288
-846
-5249
-6654
-7592
-5953
-1432
-4576
-5517
-5734
-3700
-6887
-5856
-108
-1710
-7675
-9173
-6510
-77
-6500
-917
-433
-6383
-6882
-4575
-5725
-6210
-1321
-3000
-3811
-2424
-706
-7969
-717
-4969
-1848
-8854
-625
-997
-6637
-279
-4139
-5899
-78
-5991
-1685
-9417
-551
-6553
-4683
-278
-1844
-8893
-1397
-3138
-5708
-1076
-2426
-527
-396
-6720
-5292
-7675
-8619
-8956
-7968
-963
-3861
-1019
-5728
-1106
-5828
-871
-7364
-9099
-402
-7834
-6783
-7987
-7773
-160
-2689
-7177
-5751
-3458
-1964
-6700
-3418
-7884
-2999
-4514
-7011
-1195
-635
-1845
-989
-4164
-5872
-4361
-1239
-9457
-3355
-4515
-2745
-8848
-9936
-4688
-9329
-711
-8127
-64
-884
-5895
-3861
-644
-2214
-5407
-6787
-7207
-6273
-2454
-1776
-2792
-2324
-516
-1432
-2479
-3982
-73
-1072
-6939
-1823
-5908
-5369
-6543
-7230
-6188
-7892
-7187
-3250
-5529
-3904
-1361
-1323
-9986
-5044
-2956
-7166
-6781
-7230
-2265
-2286
-1559
-2195
-1022
-5944
-6271
-914
-5355
-3649
-1667
-7440
-3353
-98
-8074
-4558
-9006
-801
-4652
-5751
-4838
-5043
-847
-5417
-8710
-6924
-7493
-9801
-3830
-3714
-7562
-3303
-3176
-3534
-9990
-9007
-4533
-466
-7384
-4803
-9419
-1969
-6007
-7825
-6746
-6809
-3133
-6801
-607
-1896
-5922
-628
-2233
-8506
-2564
-834
-9892
-943
-5819
-1700
-4004
-6507
-291
-6082
-364
-6912
-5710
-8005
-8600
-7172
-2608
-8186
-9998
-268
-7379
-8654
-8304
-9263
-9530
-5843
-8509
-9339
-1532
-8679
-4601
-8414
-4177
-5349
-3670
-3765
-7231
-3808
-8100
-381
-2284
-2425
-1009
-1243
-6100
-9234
-7329
-8976
-8109
-9377
-101
-4094
-1800
-4004
-7260
-5078
-6215
-9218
-9175
-578
-4014
-4581
-1628
-1532
-3403
-3700
-6463
-850
-3496
-5175
-9572
-7648
-6860
-7194
-9447
-5199
-3440
-3162
-7762
-3724
-9088
-3252
-3729
-254
-3261
-4944
-4489
-5886
-7265
-7668
-9099
-2405
-8103
-1330
-4543
-3585
-646
-7131
-1300
-8022
-4293
-9481
-5653
-5616
-4474
-4861
-5672
-3728
-973
-2728
-8464
-265
-7284
-1575
-9768
-5727
-3839
-1796
-8485
-1463
-2748
-2785
-7167
-189
-7220
-4788
-6533
-5170
-9122
-2796
-9159
-1423
-497
-839
-794
-6751
-8291
-2714
-6178
-5408
-436
-3851
-723
-7301
-6988
-1515
-9653
-4127
-8494
-2215
-1230
-4367
-1884
-5697
-3550
-5741
-8658
-5645
-7083
-3205
-1303
-292
-9755
-9370
-7437
-736
-7749
-944
-6925
-6962
-1404
-5216
-7888
-5488
-128
-8544
-7848
-8803
-9378
-7181
-9251
-2213
-823
-2546
-9437
-1872
-1216
-7994
-2504
-8397
-3901
-8985
-7888
-31
-1178
-9716
-3892
-6039
-1622
-3425
-9210
-729
-2902
-8060
-1970
-5281
-6685
-7288
-803
-3289
-7566
-2104
-543
-4496
-7466
-8390
-1636
-8603
-9797
-3669
-6834
-2864
-740
-745
-3031
-6200
-4622
-3997
-2272
-9357
-6682
-3206
-4794
-9535
-1820
-92
-292
-3952
-1126
-6643
-7619
-6039
-824
-4873
-6877
-4793
-1781
-3013
-2647
-3735
-6816
-1953
-216
-616
-418
-8218
-2509
-2432
-8319
-8997
-2797
-3693
-9988
-3175
-180
-4960
-5240
-5863
-6308
-5134
-6564
-8965
-6215
-3704
-1273
-4238
-1566
-6291
-1759
-3236
-7045
-43
-8446
-5607
-2732
-2292
-2976
-2954
-8796
-8846
-1720
-917
-4214
-671
-7730
-675
-3879
-8004
-8488
-9088
-1932
-1677
-7379
-6519
-8141
-5843
-1684
-1528
-4126
-4521
-8418
-3787
-6656
-952
-3802
-6502
-2449
-3666
-8476
-2797
-7760
-6009
-7786
-42
-6273
-9238
-9052
-4945
-1037
-1895
-334
-7609
-3515
-2289
-3203
-3209
-1759
-4633
-2302
-2800
-2319
-5785
-6872
-2563
-7159
-2701
-1567
-3366
-9743
-3536
-9568
-507
-1539
-7639
-4549
-5175
-3538
-5082
-3760
-8692
-4433
-143
-6019
-7527
-5072
-382
-1776
-9705
-8089
-1430
-8577
-7432
-7669
-7361
-5100
-4958
-937
-3296
-7870
-1433
-6593
-651
-7062
-5480
-3164
-6640
-1900
-6221
-2040
-799
-5371
-1122
-7356
-1366
-5995
-4190
-8605
-5255
-8232
-43
-3387
-8702
-1526
-4316
-4815
-2269
-5599
-9409
-7351
-6742
-7414
-9091
-9035
-8124
-8200
-5185
-3693
-1047
-2677
-2843
-9137
-1580
-6408
-7691
-3482
-1828
-7595
-3819
-3710
-6669
-6393
-2969
-7282
-3867
-3660
-9338
-1265
-3538
-4467
-3949
-4785
-2950
-8884
-134
-2107
-3278
-6908
-8600
-2553
-2266
-678
-1159
-8718
-485
-5849
-4278
-9192
-5363
-9087
-9386
-931
-1318
-6814
-4116
-5262
-3796
-1139
-1798
-5476
-7234
-46
-1266
-3379
-8446
-8591
-4340
-6554
-6162
-1877
-7801
-5336
-9600
-7466
-9897
-5314
-7634
-1188
-9900
-3298
-6106
-8658
-5399
-9380
-3385
-8170
-8543
-8771
-6683
-943
-8228
-3082
-4537
-6850
-619
-7710
-6997
-5273
-6308
-15
-7982
-1501
-9320
-970
-6442
-6632
-3109
-935
-2863
-8796
-8514
-155
-2923
-3606
-2547
-3997
-5620
-2392
-5093
-9649
-2402
-3780
-1203
-9562
-8589
-8523
-459
-5724
-346
-4088
-8750
-2100
-9497
-6167
-2899
-7661
-431
-9298
-5010
-1612
-3426
-3918
-7857
-3192
-3060
-4604
-7382
-7336
-5166
-8709
-7491
-1410
-5541
-1040
-422
-297
-5282
-5000
-9476
-7241
-556
-1858
-3231
-8530
-2467
-7622
-4604
-8404
-1075
-6265
-7939
-8208
-7516
-4994
-8707
-3467
-966
-3361
-6898
-5514
-6845
-3169
-9084
-4990
-4407
-7220
-4937
-7353
-1707
-500
-124
-4215
-5995
-8978
-1680
-2024
-7006
-6703
-878
-3058
-3029
-6537
-1257
-772
-2277
-4121
-7536
-5511
-3263
-5384
-4195
-7369
-2985
-6674
-8610
-6885
-5867
-4855
-9538
-9516
-4377
-6997
-4597
-1150
-2296
-302
-9220
-9421
-9595
-2310
-4855
-3361
-774
-8266
-9869
-3826
-5199
-3215
-4020
-8265
-7578
-3542
-7247
-8458
-2377
-4139
-4217
-9838
-3034
-3650
-2333
-9733
-4089
-7107
-8461
-5143
-22
-8290
-8852
-2604
-9961
-9901
-4491
-8346
-5121
-9325
-2712
-4247
-5005
-8643
-7522
-5631
-8324
-1104
-7086
-381
-7871
-9222
-9018
-3867
-8387
-8837
-1570
-78
-854
-9043
-6601
-9794
-7788
-3707
-2837
-7396
-5957
-1049
-2501
-8188
-5213
-7694
-8914
-9242
-5078
-8179
-2085
-907
-9168
-5965
-5002
-3271
-1373
-4997
-3378
-3915
-3659
-6006
-1701
-8976
-4610
-711
-5545
-8842
-4278
-4458
-2947
-8657
-8972
-4973
-6930
-4562
-4614
-1035
-8598
-8868
-6282
-6497
-3861
-2024
-1199
-6438
-1539
-1376
-4265
-9992
-4193
-9658
-7563
-5196
-6345
-9351
-9806
-3485
-4586
-6091
-2645
-8342
-8966
-1265
-7644
-2419
-6817
-2906
-3087
-3599
-1821
-7153
-4135
-7405
-4023
-9191
-6106
-7352
-2605
-4405
-3663
-839
-5642
-8721
-9191
-3088
-9589
-7278
-3827
-8666
-4133
-9822
-4939
-7645
-8159
-6420
-7820
-5989
-4787
-6231
-8991
-329
-1448
-8957
-1689
-3553
-2412
-7293
-7506
-4531
-3405
-2256
-5106
-5185
-1623
-1344
-8084
-6475
-2458
-5871
-2289
-6668
-4569
-7740
-1841
-9142
-8767
-4877
-4551
-1627
-8181
-8824
-3128
-4998
-5015
-3308
-1957
-9803
-7828
-476
-7176
-7061
-9950
-6821
-7895
-8386
-1567
-1569
-3079
-4177
-3011
-5988
-8179
-3051
-6021
-8437
-4355
-4586
-9741
-9315
-9721
-3331
-8056
-7495
-4142
-2601
-5160
-351
-6392
-4461
-4098
-9103
-7846
-4368
-5093
-3691
-5437
-8433
-5804
-5554
-3360
-6313
-7897
-196
-9894
-1247
-1044
-7952
-8744
-1110
-6709
-4434
-3364
-8409
-9176
-8978
-5551
-2968
-8474
-3299
-7476
-4118
-2156
-5750
-4858
-2868
-2042
-5823
-3134
-4465
-8658
-1806
-730
-2380
-2838
-2270
-6498
-2706
-6422
-7266
-846
-6317
-8929
-6145
-91
-7618
-468
-1502
-542
-9471
-6872
-1747
-2104
-3697
-3851
-6733
-9223
-6594
-7325
-4690
-6509
-9617
-2373
-8436
-2833
-5459
-3092
-3117
-2180
-9080
-8771
-7541
-929
-5488
-622
-31
-288
-4376
-317
-8351
-2098
-9570
-9166
-8444
-2212
-1423
-4753
-2891
-4803
-8961
-8911
-7803
-6787
-5621
-9380
-4714
-2763
-5697
-4754
-6899
-2409
-2122
-8618
-9339
-1888
-4961
-5456
-1345
-6982
-4777
-1874
-5416
-343
-2367
-2564
-9809
-8572
-9920
-1892
-4459
-6656
-9221
-3202
-4898
-2051
-9906
-1140
-4208
-7375
-835
-483
-1625
-8309
-1044
-1811
-6273
-6345
-7242
-8417
-2918
-3974
-7539
-3174
-5037
-7161
-8726
-3278
-2634
-1946
-676
-3947
-1430
-918
-6644
-2424
-2071
-5612
-3069
-8944
-3392
-2734
-6806
-481
-1389
-1151
-8524
-5180
-7038
-7905
-5330
-1753
-2478
-2379
-4810
-4416
-4337
-932
-7505
-3855
-6116
-5759
-1045
-5050
-5544
-6798
-9344
-5677
-9834
-4836
-6273
-7831
-7573
-6969
-2580
-8508
-7685
-3217
-2914
-1291
-1860
-3789
-1244
-210
-8115
-152
-6448
-442
-8305
-4703
-251
-130
-8754
-477
-3862
-2493
-9253
-7692
-8932
-6967
-6414
-9046
-6734
-3443
-657
-7587
-7054
-2665
-4451
-7487
-8719
-7652
-1648
-2137
-4392
-2532
-6089
-1350
-729
-9586
-7753
-1050
-3472
-7358
-1623
-3713
-3643
-6596
-3946
-546
-1646
-206
-2924
-7298
-8748
-8322
-8512
-9105
-7078
-1491
-832
-2827
-893
-9082
-9904
-5500
-3900
-7591
-4715
-2834
-4005
-7653
-1556
-3063
-335
-1381
-8383
-5946
-8621
-1577
-3584
-5112
-3455
-3432
-3763
-3647
-3517
-9659
-2174
-727
-7220
-8705
-3336
-411
-6628
-8473
-2895
-5255
-718
-4605
-7689
-7514
-2373
-5234
-9806
-9322
-9545
-6531
-4263
-8631
-5955
-8240
-4259
-9233
-8716
-6720
-6072
-7669
-8991
-1478
-3273
-4907
-5729
-4919
-9912
-4661
-3802
-122
-9187
-1569
-4907
-637
-4446
-7599
-8285
-431
-3242
-3561
-6821
-9338
-7402
-4254
-5305
-7969
-7486
-5780
-9703
-5571
-5048
-6498
-8294
-8428
-8536
-3555
-6315
-7147
-5340
-7270
-2760
-8290
-4438
-1884
-1479
-3151
-5119
-8967
-6616
-9740
-695
-9511
-9933
-8437
-1007
-5268
-4198
-6287
-8152
-9027
-2627
-1000
-6524
-8760
-4101
-3642
-545
-4004
-8171
-7280
-970
-5059
-1892
-6192
-1273
-2441
-8892
-4126
-3638
-4666
-8536
-1453
-4945
-8729
-3404
-7630
-5732
-4073
-2890
-5981
-614
-7311
-5556
-545
-1361
-392
-4460
-1242
-9950
-517
-2405
-4994
-3053
-8648
-2000
-960
-8273
-6773
-2263
-3181
-6594
-1049
-833
-629
-6128
-3228
-7055
-9867
-9276
-399
-2898
-5167
-2389
-5950
-6687
-9128
-7024
-5945
-7368
-6291
-1872
-4931
-2619
-7442
-7473
-3900
-6979
-493
-5057
-4457
-5051
-4934
-9802
-2330
-9350
-8409
-7313
-6567
-4478
-869
-6538
-1213
-9627
-8334
-7456
-3642
-3724
-4845
-8756
-7618
-6930
