161
737
699
647
802
276
957
38
790
142
754
213
337
543
789
382
514
869
103
809
20
585
569
883
847
744
279
252
952
412
240
155
794
905
558
783
978
834
243
776
235
424
636
820
403
992
820
904
431
932
412
548
484
950
706
412
864
483
338
64
370
404
200
874
202
134
524
101
588
454
695
26
348
797
75
541
722
816
862
178
798
844
375
47
183
886
39
141
318
943
805
390
403
338
100
850
310
745
958
711
647
536
374
534
662
733
310
978
112
572
217
735
277
469
541
570
53
581
659
505
640
751
605
57
283
274
386
980
663
167
15
714
478
158
927
181
580
780
524
957
753
473
989
887
926
424
495
715
34
980
772
897
493
904
995
38
766
526
702
832
459
465
696
546
920
943
423
426
471
329
316
963
139
927
346
913
951
215
425
515
674
358
549
698
531
296
283
620
117
254
676
940
588
583
355
537
783
342
786
212
95
92
92
159
415
342
833
949
110
176
379
840
939
261
202
798
141
782
447
767
765
244
468
30
480
758
490
425
275
95
557
259
810
27
735
888
302
408
584
88
517
460
484
691
765
104
651
318
459
449
673
366
750
378
639
955
707
344
816
868
686
365
451
817
537
981
286
567
945
316
415
496
723
209
344
300
276
598
410
199
541
252
119
402
425
246
361
898
33
695
637
82
917
956
816
605
149
18
277
97
472
299
420
766
875
858
226
462
176
473
472
432
615
694
779
27
854
686
692
584
569
258
473
963
578
88
850
603
123
284
661
742
580
752
495
782
886
259
773
330
267
807
391
365
970
255
457
328
340
345
866
399
774
101
585
769
944
181
440
108
491
731
950
214
968
142
384
483
462
182
520
78
960
30
289
229
549
317
262
207
272
849
566
692
149
719
671
573
298
124
931
942
23
447
885
452
965
176
233
785
720
955
791
398
134
235
760
586
995
760
436
518
175
24
912
744
120
326
773
130
995
517
879
90
465
777
404
174
686
683
603
353
41
375
171
278
65
549
828
789
797
319
517
564
408
730
736
253
465
548
913
506
145
303
481
325
636
542
994
125
948
986
520
539
784
745
524
826
469
771
364
558
492
652
768
787
517
861
531
277
939
383
986
207
529
535
791
72
237
298
109
980
127
217
658
237
959
544
216
180
840
130
775
94
259
97
528
270
639
813
813
624
625
292
640
49
769
387
601
553
170
926
934
17
995
768
795
648
49
23
577
866
177
251
746
217
174
16
824
861
146
231
689
591
549
837
257
496
208
632
912
909
992
453
15
11
343
554
953
474
238
999
409
431
602
771
328
669
828
262
621
969
554
753
873
397
938
679
511
759
51
273
485
415
533
743
13
45
615
91
968
952
122
226
740
389
240
149
506
672
197
186
616
642
49
918
760
950
208
631
958
398
685
69
723
975
196
951
931
693
495
693
150
525
717
283
402
67
363
980
223
182
442
147
911
117
909
563
243
460
783
979
542
260
304
460
817
952
42
108
670
82
156
305
651
365
364
81
649
402
620
265
983
310
911
758
871
970
885
983
210
886
217
531
427
645
218
540
250
795
275
197
722
490
275
849
773
18
894
654
643
670
305
889
940
312
770
573
256
753
881
341
698
493
112
441
690
989
355
40
897
517
378
268
177
321
242
392
671
633
818
551
107
474
859
915
432
849
323
956
299
765
18
721
163
829
151
609
565
608
716
545
13
960
399
818
987
17
232
615
246
623
852
257
797
944
423
93
62
780
217
126
267
449
69
308
290
247
810
918
870
640
523
472
74
719
31
723
874
30
400
665
136
950
945
966
103
968
132
592
529
538
382
751
797
516
27
21
368
996
169
164
160
954
614
900
851
780
739
766
395
81
940
554
365
355
117
688
672
89
206
678
657
561
125
728
510
44
483
184
840
158
843
46
617
316
62
613
840
874
227
868
140
611
573
833
478
162
698
477
821
665
725
613
201
117
621
269
125
193
909
68
688
396
270
284
10
48
163
799
810
899
640
823
808
620
627
280
945
729
211
372
246
481
333
722
143
379
339
725
159
266
917
42
550
433
800
303
948
753
581
890
476
827
128
909
290
932
155
452
238
645
773
852
464
167
958
47
581
692
777
538
797
70
152
283
801
867
936
835
442
898
481
426
500
919
667
792
244
103
486
479
784
433
711
951
434
896
817
720
411
909
234
171
569
479
388
59
792
371
158
152
543
613
933
441
966
128
892
307
137
65
155
299
908
964
111
366
697
589
770
94
723
207
919
60
572
20
867
457
295
800
68
478
636
79
754
622
129
349
